5 0.025889121338912132 0.7656903765690377 0.029027196652719668 0.8396094839609484 0.019612970711297074 0.6959553695955369 0.04785564853556486 0.6834030683403068 0.05883891213389122 0.7629009762900977 0.06825313807531382 0.8340306834030683 0.07296025104602512 0.8619246861924686 0.045502092050209206 0.8688981868898186 0.025889121338912132 0.8354253835425384
3 0.9939853556485356 0.9930264993026499 0.5915271966527197 0.9832635983263597 0.5609309623430963 0.5857740585774058 0.549163179916318 0.31520223152022314 0.5664225941422595 0.14086471408647142 0.596234309623431 0.06415620641562064 0.6919456066945606 0.030683403068340307 0.7743200836820084 0.009762900976290097 0.9186715481171549 0.008368200836820083 0.9932008368200838 0.006973500697350071
0 0.556223849372385 0.1394700139470014 0.5154288702928871 0.3263598326359833 0.4973849372384938 0.5439330543933054 0.4809100418410042 0.7489539748953975 0.4652196652719665 0.9888423988842399 0.5617154811715482 0.9888423988842399 0.5413179916317993 0.592747559274756 0.5334728033472804 0.3695955369595537 0.5460251046025105 0.27615062761506276
5 0.00784518828451883 0.47419804741980476 0.05020920502092051 0.504881450488145 0.051778242677824264 0.5383542538354253 0.08158995815899582 0.5536959553695955 0.09414225941422595 0.5829846582984658 0.06825313807531382 0.6680613668061368 0.044717573221757324 0.6680613668061368 0.011767782426778244 0.6778242677824268 0.003922594142259415 0.601115760111576
5 0.011767782426778244 0.3500697350069736 0.07531380753138076 0.42677824267782427 0.1106171548117155 0.44490934449093444 0.15376569037656906 0.4393305439330543 0.19456066945606698 0.4184100418410041 0.22672594142259417 0.403068340306834 0.26438284518828453 0.37517433751743373 0.27065899581589964 0.35564853556485354 0.2533995815899582 0.3263598326359833 0.23692468619246865 0.301255230125523 0.2110355648535565 0.301255230125523 0.2110355648535565 0.3305439330543933 0.1663179916317992 0.32914923291492326 0.12160041841004185 0.3193863319386332 0.06511506276150629 0.3207810320781032
5 0.32086820083682016 0.09205020920502091 0.3200836820083682 0.14225941422594143 0.35460251046025104 0.14783821478382148 0.37578451882845193 0.14225941422594143 0.395397489539749 0.14086471408647142 0.395397489539749 0.0794979079497908 0.38362970711297073 0.08926080892608089 0.368723849372385 0.10599721059972106 0.3522489539748954 0.10739191073919108
5 0.35146443514644354 0.15481171548117154 0.3538179916317992 0.18131101813110181 0.3444037656903766 0.199442119944212 0.34283472803347287 0.2203626220362622 0.3381276150627615 0.25383542538354253 0.3475418410041841 0.29567642956764295 0.37029288702928875 0.299860529986053 0.3710774058577406 0.27475592747559274 0.3695083682008369 0.199442119944212 0.3600941422594143 0.15202231520223153
5 0.2439853556485356 0.8256624825662483 0.24947698744769878 0.9902370990237098 0.3200836820083682 1.0 0.3114539748953975 0.8172942817294282 0.28242677824267787 0.8158995815899581
5 0.3789225941422595 0.6875871687587168 0.37343096234309625 0.8870292887029287 0.38441422594142266 0.9442119944211994 0.4181485355648536 0.9595536959553695 0.43540794979079506 0.8312412831241283 0.43540794979079506 0.7391910739191074 0.4275627615062762 0.6164574616457462 0.41108786610878667 0.606694560669456 0.4103033472803348 0.6722454672245468
5 0.355387029288703 0.7629009762900977 0.35303347280334735 0.6638772663877266 0.3200836820083682 0.6541143654114365 0.32243723849372397 0.7698744769874477 0.3569560669456067 0.7768479776847976
5 0.16317991631799164 0.7224546722454673 0.160826359832636 0.8326359832635984 0.19926778242677826 0.8479776847977685 0.19926778242677826 0.7252440725244073
5 0.020397489539748955 0.892608089260809 0.029811715481171553 0.9916317991631799 0.06589958158995816 0.9944211994421199 0.05726987447698746 0.898186889818689
5 0.09806485355648537 0.7140864714086471 0.10591004184100421 0.7866108786610879 0.1372907949790795 0.7852161785216178 0.12709205020920503 0.7085076708507672
5 0.18043933054393307 0.606694560669456 0.1843619246861925 0.6792189679218968 0.21417364016736404 0.6847977684797768 0.20946652719665274 0.602510460251046
5 0.2847803347280335 0.5439330543933054 0.28556485355648537 0.603905160390516 0.30674686192468625 0.6527196652719666 0.33185146443514646 0.6401673640167364 0.33185146443514646 0.5983263598326359 0.3106694560669456 0.5453277545327755
5 0.25889121338912136 0.4225941422594142 0.2620292887029289 0.46582984658298465 0.2761506276150628 0.4714086471408648 0.274581589958159 0.4351464435146444
5 0.25104602510460255 0.4881450488145049 0.24241631799163182 0.5062761506276151 0.2439853556485356 0.5690376569037657 0.2675209205020921 0.5732217573221757 0.28556485355648537 0.5202231520223152 0.2847803347280335 0.49232914923291493
5 0.33342050209205026 0.3389121338912134 0.3138075313807532 0.38912133891213396 0.3294979079497908 0.49651324965132493 0.3593096234309624 0.5034867503486751 0.355387029288703 0.41562064156206413
5 0.37500000000000006 0.19386331938633194 0.37578451882845193 0.45885634588563456 0.4001046025104603 0.4881450488145049 0.3969665271966527 0.18410041841004182
5 0.4142259414225941 0.18828451882845187 0.4048117154811716 0.34449093444909346 0.44952928870292896 0.37796373779637377 0.43383891213389125 0.18131101813110181
5 0.4518828451882846 0.403068340306834 0.4471757322175733 0.497907949790795 0.46992677824267787 0.5146443514644351 0.4762029288702929 0.4086471408647141
5 0.4463912133891214 0.12831241283124128 0.45345188284518834 0.299860529986053 0.4856171548117155 0.298465829846583 0.48953974895397495 0.1394700139470014
5 0.3789225941422595 0.4839609483960948 0.38441422594142266 0.5885634588563459 0.41108786610878667 0.599721059972106 0.4126569037656904 0.5285913528591353
2 0.11140167364016738 0.22315202231520226 0.20083682008368203 0.1799163179916318 0.2800732217573222 0.16178521617852162 0.3091004184100419 0.13389121338912133 0.3114539748953975 0.05299860529986053 0.004707112970711297 0.043235704323570434 0.0023535564853556486 0.24686192468619247
5 0.2698744769874477 0.2510460251046025 0.2753661087866109 0.3430962343096235 0.3263598326359833 0.3221757322175732 0.32243723849372397 0.25523012552301255
